# Angle,y_shift, x_shift, scanNo
-57.5,19.0,-23.0,1537.0
-57.0,23.0,-15.0,1538.0
-56.5,21.0,-5.0,1539.0
-56.0,22.0,9.0,1540.0
-55.5,23.0,17.0,1541.0
-55.0,23.0,24.0,1542.0
-54.5,25.0,28.0,1543.0
-54.0,26.0,30.0,1544.0
-53.5,26.0,36.0,1545.0
-53.0,25.0,39.0,1546.0
-52.5,25.0,50.0,1547.0
-52.0,24.0,57.0,1548.0
-51.5,23.0,60.0,1549.0
-51.0,24.0,61.0,1550.0
-50.5,24.0,67.0,1551.0
-50.0,21.0,73.0,1552.0
-49.5,20.0,83.0,1553.0
-49.0,20.0,82.0,1554.0
-48.5,23.0,79.0,1555.0
-48.0,20.0,79.0,1556.0
-47.5,21.0,80.0,1557.0
-47.0,19.0,79.0,1558.0
-46.5,18.0,82.0,1559.0
-46.0,15.0,38.0,1560.0
-45.5,14.0,38.0,1561.0
-45.0,15.0,49.0,1562.0
-44.5,13.0,54.0,1563.0
-44.0,13.0,64.0,1564.0
-43.5,11.0,62.0,1565.0
-43.0,11.0,66.0,1566.0
-42.5,6.0,68.0,1567.0
-42.0,5.0,67.0,1568.0
-41.5,5.0,72.0,1569.0
-41.0,5.0,70.0,1570.0
-40.5,6.0,23.0,1571.0
-40.0,6.0,16.0,1572.0
-39.5,7.0,14.0,1573.0
-39.0,11.0,15.0,1574.0
-38.5,10.0,16.0,1575.0
-38.0,10.0,20.0,1576.0
-37.5,10.0,18.0,1577.0
-37.0,10.0,23.0,1578.0
-36.5,9.0,33.0,1579.0
-36.0,8.0,30.0,1580.0
-35.5,7.0,37.0,1581.0
-35.0,7.0,38.0,1582.0
-34.5,4.0,42.0,1583.0
-34.0,3.0,39.0,1584.0
-33.5,1.0,47.0,1585.0
-33.0,1.0,47.0,1586.0
-32.5,1.0,42.0,1587.0
-32.0,2.0,36.0,1588.0
-31.5,1.0,30.0,1589.0
-31.0,3.0,33.0,1590.0
-30.5,2.0,31.0,1591.0
-30.0,1.0,31.0,1592.0
-29.5,3.0,28.0,1593.0
-29.0,4.0,25.0,1594.0
-28.5,3.0,32.0,1595.0
-28.0,6.0,28.0,1596.0
-27.5,5.0,30.0,1597.0
-18.5,-1.0,10.0,1615.0
-18.0,-2.0,11.0,1616.0
-17.5,-1.0,7.0,1617.0
-17.0,-0.0,-2.0,1618.0
-16.5,1.0,-1.0,1619.0
-16.0,-0.0,-4.0,1620.0
-15.5,-0.0,-5.0,1621.0
-15.0,1.0,-7.0,1622.0
-14.5,-0.0,-10.0,1623.0
-14.0,-2.0,-18.0,1624.0
-13.5,-3.0,-23.0,1625.0
-13.0,-1.0,-20.0,1626.0
-12.5,-2.0,-23.0,1627.0
-12.0,-0.0,-26.0,1628.0
-11.5,-1.0,-29.0,1629.0
-11.0,-0.0,-26.0,1630.0
-10.5,-0.0,-25.0,1631.0
-10.0,-2.0,-20.0,1632.0
-9.5,-0.0,-30.0,1633.0
-9.0,-1.0,-34.0,1634.0
-8.5,-1.0,-34.0,1635.0
-8.0,-1.0,-4.0,1636.0
-7.5,-1.0,1.0,1637.0
-7.0,-1.0,-4.0,1638.0
-6.5,-0.0,-1.0,1639.0
-6.0,-0.0,-1.0,1640.0
-5.5,-2.0,-4.0,1641.0
-5.0,-2.0,-6.0,1642.0
-4.5,-1.0,-2.0,1643.0
-4.0,-1.0,-10.0,1644.0
-3.5,-3.0,-11.0,1645.0
-3.0,-4.0,-14.0,1646.0
-2.5,-3.0,-19.0,1647.0
-2.0,-4.0,-23.0,1648.0
-1.5,-5.0,-26.0,1649.0
-1.0,-5.0,-26.0,1650.0
-0.5,-6.0,-33.0,1651.0
0.0,-8.0,-26.0,1652.0
0.5,-8.0,-25.0,1653.0
1.0,-8.0,-23.0,1654.0
1.5,-8.0,-31.0,1655.0
2.0,-10.0,-27.0,1656.0
2.5,-11.0,-18.0,1657.0
3.0,-12.0,-16.0,1658.0
3.5,-12.0,-15.0,1659.0
4.0,-14.0,-8.0,1660.0
4.5,-14.0,-12.0,1661.0
5.0,-15.0,-12.0,1662.0
5.5,-12.0,-11.0,1663.0
6.0,-13.0,-12.0,1664.0
6.5,-12.0,-11.0,1665.0
7.0,-12.0,11.0,1666.0
7.5,-13.0,14.0,1667.0
8.0,-15.0,9.0,1668.0
8.5,-16.0,8.0,1669.0
9.0,-19.0,11.0,1670.0
9.5,-19.0,15.0,1671.0
10.0,-21.0,14.0,1672.0
10.5,-20.0,10.0,1673.0
11.0,-20.0,15.0,1674.0
11.5,-20.0,6.0,1675.0
12.0,-24.0,12.0,1676.0
12.5,-23.0,8.0,1677.0
13.0,-21.0,5.0,1678.0
13.5,-21.0,5.0,1679.0
14.0,-19.0,-2.0,1680.0
14.5,-20.0,-4.0,1681.0
15.0,-19.0,-7.0,1682.0
15.5,-20.0,-3.0,1683.0
16.0,-19.0,-0.0,1684.0
16.5,-18.0,-0.0,1685.0
17.0,-15.0,-9.0,1686.0
17.5,-14.0,-9.0,1687.0
18.0,-13.0,-13.0,1688.0
18.5,-15.0,-14.0,1689.0
19.0,-15.0,-10.0,1690.0
19.5,-14.0,-17.0,1691.0
20.0,-16.0,-16.0,1692.0
20.5,-18.0,-8.0,1693.0
21.0,-16.0,-12.0,1694.0
21.5,-16.0,-17.0,1695.0
22.0,-17.0,-14.0,1696.0
22.5,-17.0,-14.0,1697.0
23.0,-16.0,-16.0,1698.0
23.5,-17.0,-16.0,1699.0
24.0,-17.0,-14.0,1700.0
24.5,-16.0,-17.0,1701.0
25.0,-13.0,-15.0,1702.0
25.5,-12.0,-20.0,1703.0
26.0,-13.0,-28.0,1704.0
26.5,-12.0,-24.0,1705.0
27.0,-13.0,-22.0,1706.0
27.5,-13.0,-16.0,1707.0
28.0,-11.0,-20.0,1708.0
28.5,-9.0,-11.0,1709.0
29.0,-10.0,-3.0,1710.0
29.5,-9.0,1.0,1711.0
30.0,-8.0,1.0,1712.0
30.5,-8.0,-1.0,1713.0
31.0,-9.0,-0.0,1714.0
31.5,-9.0,5.0,1715.0
32.0,-9.0,11.0,1716.0
32.5,-9.0,1.0,1717.0
33.0,-9.0,5.0,1718.0
33.5,-4.0,1.0,1719.0
34.0,-2.0,-7.0,1720.0
34.5,-2.0,-13.0,1721.0
35.0,1.0,-19.0,1722.0
35.5,3.0,-25.0,1723.0
36.0,5.0,-33.0,1724.0
36.5,5.0,-36.0,1725.0
37.0,3.0,-34.0,1726.0
37.5,3.0,-29.0,1727.0
38.0,2.0,-24.0,1728.0
38.5,1.0,-18.0,1729.0
39.0,-1.0,-18.0,1730.0
39.5,-0.0,-11.0,1731.0
40.0,3.0,-14.0,1732.0
40.5,8.0,-16.0,1733.0
41.0,6.0,-16.0,1734.0
41.5,5.0,-6.0,1735.0
42.0,7.0,-11.0,1736.0
42.5,8.0,-9.0,1737.0
43.0,7.0,-9.0,1738.0
43.5,9.0,-8.0,1739.0
44.0,8.0,-3.0,1740.0
44.5,10.0,-7.0,1741.0
45.0,9.0,-0.0,1742.0
45.5,10.0,7.0,1743.0
46.0,12.0,3.0,1744.0
46.5,15.0,-4.0,1745.0
47.0,17.0,-4.0,1746.0
47.5,18.0,-12.0,1747.0
48.0,19.0,-19.0,1748.0
48.5,22.0,-25.0,1749.0
49.0,24.0,-23.0,1750.0
49.5,24.0,-22.0,1751.0
50.0,26.0,-28.0,1752.0
50.5,27.0,-30.0,1753.0
51.0,26.0,-33.0,1754.0
51.5,25.0,-36.0,1755.0
52.0,27.0,-41.0,1756.0
52.5,29.0,-37.0,1757.0
53.0,28.0,-41.0,1758.0
53.5,30.0,-12.0,1759.0
54.0,33.0,-13.0,1760.0
54.5,33.0,-14.0,1761.0
55.0,31.0,-6.0,1762.0
55.5,30.0,-3.0,1763.0
56.0,30.0,-6.0,1764.0
56.5,33.0,-7.0,1765.0
57.0,33.0,-7.0,1766.0
57.5,34.0,-3.0,1767.0
58.0,36.0,-7.0,1768.0
58.5,35.0,2.0,1769.0
59.0,36.0,7.0,1770.0
59.5,40.0,-15.0,1771.0
-27.0,11.0,44.0,1773.0
-26.5,6.0,60.0,1774.0
-26.0,4.0,74.0,1775.0
-25.5,3.0,82.0,1776.0
-25.0,-1.0,90.0,1777.0
-24.5,-2.0,96.0,1778.0
-24.0,-2.0,103.0,1779.0
-23.5,-3.0,111.0,1780.0
-23.0,-4.0,112.0,1781.0
-22.5,-6.0,115.0,1782.0
-22.0,-9.0,124.0,1783.0
-21.5,-11.0,127.0,1784.0
-21.0,-12.0,124.0,1785.0
-20.5,-14.0,137.0,1786.0
-20.0,-16.0,135.0,1787.0
-19.5,-17.0,130.0,1788.0
-19.0,-18.0,136.0,1789.0
